0010011001000001000010101001000000101111001001001000101101010101
0001011100110011101101000100000100110111001110010001001011101011
0001011010111111111001000110111111101010100111100101010001010000
1111101000111100101011000111110110010011010111110010101110111000
1111110101111101010110010100101110111001111010110010000001011000
0000000000101100010101011101100011100101101000011010011001101100
1111000101011110111000011010000111101110110000101101001101011111
0001011100010110101010010110111001101111100001000000000001101100
1111011010010111011110010111010101110110001100010111110111000100
1110011001110100111110001000011010011100111000101101100100001110
